+12138881907
+12138882330
+12138544426
+12138543603
+12139298541
+12139294901
+12137206273
+12137203773
+12132237696
+12132239292
+12138536561
+12138537609
+12134453273
+12134456877
+12139335668
+12139338792
+12133875752
+12133879058
+18016281297
+18016283033
+18014173783
+18014176353
+18017469076
+18017461621
+18015349394
+18015341516
+18014735312
+18014739832
+18017211810
+18017214237
+18012572296
+18012572697
+18018562232
+18018564729
+18017154269
+18017155926
+17734491346
+17734493401
+17738308129
+17738309227
+17739299903
+17739299416
+17736463875
+17736462918
+17736669989
+17736666228
+17737875687
+17737878421
+17736945145
+17736943076
+17735832897
+17735833465
+17735866436
+17735864468
+19505233331
+19505233160
+19506682977
+19506686219
+19505817180
+19505816385
+19505922707
+19505926662
+19503846846
+19503843477
+19503034380
+19503036443
+19503716253
+19503716816
+19506557412
+19506556456
+19505321898
+19505329734
+14815932109
+14815931670
+14817944353
+14817941775
+14816129262
+14816122151
+14813748238
+14813744893
+14812036585
+14812032021
+14812777525
+14812777308
+14812491982
+14812493475
+14814246788
+14814246229
+14815535238
+14815535141
+14235244135
+14235247855
+14233293121
+14233292260
+14234823990
+14234824801
+14233136054
+14233135539
+14237514278
+14237515032
